-0,289 -0,289
-0,280 -0,289
-0,271 -0,289
-0,262 -0,289
-0,253 -0,289
-0,244 -0,289
-0,236 -0,289
-0,227 -0,289
-0,218 -0,289
-0,209 -0,289
-0,200 -0,289
-0,191 -0,289
-0,182 -0,289
-0,173 -0,289
-0,164 -0,289
-0,156 -0,289
-0,147 -0,289
-0,138 -0,289
-0,129 -0,289
-0,120 -0,289
-0,111 -0,289
-0,102 -0,289
-0,093 -0,289
-0,084 -0,289
-0,076 -0,289
-0,067 -0,289
-0,058 -0,289
-0,049 -0,289
-0,040 -0,289
-0,031 -0,289
-0,022 -0,289
-0,013 -0,289
-0,004 -0,289
0,004 -0,289
0,013 -0,289
0,022 -0,289
0,031 -0,289
0,040 -0,289
0,049 -0,289
0,058 -0,289
0,067 -0,289
0,076 -0,289
0,084 -0,289
0,093 -0,289
0,102 -0,289
0,111 -0,289
0,120 -0,289
0,129 -0,289
0,138 -0,289
0,147 -0,289
0,156 -0,289
0,164 -0,289
0,173 -0,289
0,182 -0,289
0,191 -0,289
0,200 -0,289
0,209 -0,289
0,218 -0,289
0,227 -0,289
0,236 -0,289
0,244 -0,289
0,253 -0,289
0,262 -0,289
0,271 -0,289
0,280 -0,289
-0,289 -0,280
-0,280 -0,280
-0,271 -0,280
-0,262 -0,280
-0,253 -0,280
-0,244 -0,280
-0,236 -0,280
-0,227 -0,280
-0,218 -0,280
-0,209 -0,280
-0,200 -0,280
-0,191 -0,280
-0,182 -0,280
-0,173 -0,280
-0,164 -0,280
-0,156 -0,280
-0,147 -0,280
-0,138 -0,280
-0,129 -0,280
-0,120 -0,280
-0,111 -0,280
-0,102 -0,280
-0,093 -0,280
-0,084 -0,280
-0,076 -0,280
-0,067 -0,280
-0,058 -0,280
-0,049 -0,280
-0,040 -0,280
-0,031 -0,280
-0,022 -0,280
-0,013 -0,280
-0,004 -0,280
0,004 -0,280
0,013 -0,280
0,022 -0,280
0,031 -0,280
0,040 -0,280
0,049 -0,280
0,058 -0,280
0,067 -0,280
0,076 -0,280
0,084 -0,280
0,093 -0,280
0,102 -0,280
0,111 -0,280
0,120 -0,280
0,129 -0,280
0,138 -0,280
0,147 -0,280
0,156 -0,280
0,164 -0,280
0,173 -0,280
0,182 -0,280
0,191 -0,280
0,200 -0,280
0,209 -0,280
0,218 -0,280
0,227 -0,280
0,236 -0,280
0,244 -0,280
0,253 -0,280
0,262 -0,280
0,271 -0,280
0,280 -0,280
-0,289 -0,271
-0,280 -0,271
-0,271 -0,271
-0,262 -0,271
-0,253 -0,271
-0,244 -0,271
-0,236 -0,271
-0,227 -0,271
-0,218 -0,271
-0,209 -0,271
-0,200 -0,271
-0,191 -0,271
-0,182 -0,271
-0,173 -0,271
-0,164 -0,271
-0,156 -0,271
-0,147 -0,271
-0,138 -0,271
-0,129 -0,271
-0,120 -0,271
-0,111 -0,271
-0,102 -0,271
-0,093 -0,271
-0,084 -0,271
-0,076 -0,271
-0,067 -0,271
-0,058 -0,271
-0,049 -0,271
-0,040 -0,271
-0,031 -0,271
-0,022 -0,271
-0,013 -0,271
-0,004 -0,271
0,004 -0,271
0,013 -0,271
0,022 -0,271
0,031 -0,271
0,040 -0,271
0,049 -0,271
0,058 -0,271
0,067 -0,271
0,076 -0,271
0,084 -0,271
0,093 -0,271
0,102 -0,271
0,111 -0,271
0,120 -0,271
0,129 -0,271
0,138 -0,271
0,147 -0,271
0,156 -0,271
0,164 -0,271
0,173 -0,271
0,182 -0,271
0,191 -0,271
0,200 -0,271
0,209 -0,271
0,218 -0,271
0,227 -0,271
0,236 -0,271
0,244 -0,271
0,253 -0,271
0,262 -0,271
0,271 -0,271
0,280 -0,271
-0,289 -0,262
-0,280 -0,262
-0,271 -0,262
-0,262 -0,262
-0,253 -0,262
-0,244 -0,262
-0,236 -0,262
-0,227 -0,262
-0,218 -0,262
-0,209 -0,262
-0,200 -0,262
-0,191 -0,262
-0,182 -0,262
-0,173 -0,262
-0,164 -0,262
-0,156 -0,262
-0,147 -0,262
-0,138 -0,262
-0,129 -0,262
-0,120 -0,262
-0,111 -0,262
-0,102 -0,262
-0,093 -0,262
-0,084 -0,262
-0,076 -0,262
-0,067 -0,262
-0,058 -0,262
-0,049 -0,262
-0,040 -0,262
-0,031 -0,262
-0,022 -0,262
-0,013 -0,262
-0,004 -0,262
0,004 -0,262
0,013 -0,262
0,022 -0,262
0,031 -0,262
0,040 -0,262
0,049 -0,262
0,058 -0,262
0,067 -0,262
0,076 -0,262
0,084 -0,262
0,093 -0,262
0,102 -0,262
0,111 -0,262
0,120 -0,262
0,129 -0,262
0,138 -0,262
0,147 -0,262
0,156 -0,262
0,164 -0,262
0,173 -0,262
0,182 -0,262
0,191 -0,262
0,200 -0,262
0,209 -0,262
0,218 -0,262
0,227 -0,262
0,236 -0,262
0,244 -0,262
0,253 -0,262
0,262 -0,262
0,271 -0,262
0,280 -0,262
-0,289 -0,253
-0,280 -0,253
-0,271 -0,253
-0,262 -0,253
-0,253 -0,253
-0,244 -0,253
-0,236 -0,253
-0,227 -0,253
-0,218 -0,253
-0,209 -0,253
-0,200 -0,253
-0,191 -0,253
-0,182 -0,253
-0,173 -0,253
-0,164 -0,253
-0,156 -0,253
-0,147 -0,253
-0,138 -0,253
-0,129 -0,253
-0,120 -0,253
-0,111 -0,253
-0,102 -0,253
-0,093 -0,253
-0,084 -0,253
-0,076 -0,253
-0,067 -0,253
-0,058 -0,253
-0,049 -0,253
-0,040 -0,253
-0,031 -0,253
-0,022 -0,253
-0,013 -0,253
-0,004 -0,253
0,004 -0,253
0,013 -0,253
0,022 -0,253
0,031 -0,253
0,040 -0,253
0,049 -0,253
0,058 -0,253
0,067 -0,253
0,076 -0,253
0,084 -0,253
0,093 -0,253
0,102 -0,253
0,111 -0,253
0,120 -0,253
0,129 -0,253
0,138 -0,253
0,147 -0,253
0,156 -0,253
0,164 -0,253
0,173 -0,253
0,182 -0,253
0,191 -0,253
0,200 -0,253
0,209 -0,253
0,218 -0,253
0,227 -0,253
0,236 -0,253
0,244 -0,253
0,253 -0,253
0,262 -0,253
0,271 -0,253
0,280 -0,253
-0,289 -0,244
-0,280 -0,244
-0,271 -0,244
-0,262 -0,244
-0,253 -0,244
-0,244 -0,244
-0,236 -0,244
-0,227 -0,244
-0,218 -0,244
-0,209 -0,244
-0,200 -0,244
-0,191 -0,244
-0,182 -0,244
-0,173 -0,244
-0,164 -0,244
-0,156 -0,244
-0,147 -0,244
-0,138 -0,244
-0,129 -0,244
-0,120 -0,244
-0,111 -0,244
-0,102 -0,244
-0,093 -0,244
-0,084 -0,244
-0,076 -0,244
-0,067 -0,244
-0,058 -0,244
-0,049 -0,244
-0,040 -0,244
-0,031 -0,244
-0,022 -0,244
-0,013 -0,244
-0,004 -0,244
0,004 -0,244
0,013 -0,244
0,022 -0,244
0,031 -0,244
0,040 -0,244
0,049 -0,244
0,058 -0,244
0,067 -0,244
0,076 -0,244
0,084 -0,244
0,093 -0,244
0,102 -0,244
0,111 -0,244
0,120 -0,244
0,129 -0,244
0,138 -0,244
0,147 -0,244
0,156 -0,244
0,164 -0,244
0,173 -0,244
0,182 -0,244
0,191 -0,244
0,200 -0,244
0,209 -0,244
0,218 -0,244
0,227 -0,244
0,236 -0,244
0,244 -0,244
0,253 -0,244
0,262 -0,244
0,271 -0,244
0,280 -0,244
-0,289 -0,236
-0,280 -0,236
-0,271 -0,236
-0,262 -0,236
-0,253 -0,236
-0,244 -0,236
-0,236 -0,236
-0,227 -0,236
-0,218 -0,236
-0,209 -0,236
-0,200 -0,236
-0,191 -0,236
-0,182 -0,236
-0,173 -0,236
-0,164 -0,236
-0,156 -0,236
-0,147 -0,236
-0,138 -0,236
-0,129 -0,236
-0,120 -0,236
-0,111 -0,236
-0,102 -0,236
-0,093 -0,236
-0,084 -0,236
-0,076 -0,236
-0,067 -0,236
-0,058 -0,236
-0,049 -0,236
-0,040 -0,236
-0,031 -0,236
-0,022 -0,236
-0,013 -0,236
-0,004 -0,236
0,004 -0,236
0,013 -0,236
0,022 -0,236
0,031 -0,236
0,040 -0,236
0,049 -0,236
0,058 -0,236
0,067 -0,236
0,076 -0,236
0,084 -0,236
0,093 -0,236
0,102 -0,236
0,111 -0,236
0,120 -0,236
0,129 -0,236
0,138 -0,236
0,147 -0,236
0,156 -0,236
0,164 -0,236
0,173 -0,236
0,182 -0,236
0,191 -0,236
0,200 -0,236
0,209 -0,236
0,218 -0,236
0,227 -0,236
0,236 -0,236
0,244 -0,236
0,253 -0,236
0,262 -0,236
0,271 -0,236
0,280 -0,236
-0,289 -0,227
-0,280 -0,227
-0,271 -0,227
-0,262 -0,227
-0,253 -0,227
-0,244 -0,227
-0,236 -0,227
-0,227 -0,227
-0,218 -0,227
-0,209 -0,227
-0,200 -0,227
-0,191 -0,227
-0,182 -0,227
-0,173 -0,227
-0,164 -0,227
-0,156 -0,227
-0,147 -0,227
-0,138 -0,227
-0,129 -0,227
-0,120 -0,227
-0,111 -0,227
-0,102 -0,227
-0,093 -0,227
-0,084 -0,227
-0,076 -0,227
-0,067 -0,227
-0,058 -0,227
-0,049 -0,227
-0,040 -0,227
-0,031 -0,227
-0,022 -0,227
-0,013 -0,227
-0,004 -0,227
0,004 -0,227
0,013 -0,227
0,022 -0,227
0,031 -0,227
0,040 -0,227
0,049 -0,227
0,058 -0,227
0,067 -0,227
0,076 -0,227
0,084 -0,227
0,093 -0,227
0,102 -0,227
0,111 -0,227
0,120 -0,227
0,129 -0,227
0,138 -0,227
0,147 -0,227
0,156 -0,227
0,164 -0,227
0,173 -0,227
0,182 -0,227
0,191 -0,227
0,200 -0,227
0,209 -0,227
0,218 -0,227
0,227 -0,227
0,236 -0,227
0,244 -0,227
0,253 -0,227
0,262 -0,227
0,271 -0,227
0,280 -0,227
-0,289 -0,218
-0,280 -0,218
-0,271 -0,218
-0,262 -0,218
-0,253 -0,218
-0,244 -0,218
-0,236 -0,218
-0,227 -0,218
-0,218 -0,218
-0,209 -0,218
-0,200 -0,218
-0,191 -0,218
-0,182 -0,218
-0,173 -0,218
-0,164 -0,218
-0,156 -0,218
-0,147 -0,218
-0,138 -0,218
-0,129 -0,218
-0,120 -0,218
-0,111 -0,218
-0,102 -0,218
-0,093 -0,218
-0,084 -0,218
-0,076 -0,218
-0,067 -0,218
-0,058 -0,218
-0,049 -0,218
-0,040 -0,218
-0,031 -0,218
-0,022 -0,218
-0,013 -0,218
-0,004 -0,218
0,004 -0,218
0,013 -0,218
0,022 -0,218
0,031 -0,218
0,040 -0,218
0,049 -0,218
0,058 -0,218
0,067 -0,218
0,076 -0,218
0,084 -0,218
0,093 -0,218
0,102 -0,218
0,111 -0,218
0,120 -0,218
0,129 -0,218
0,138 -0,218
0,147 -0,218
0,156 -0,218
0,164 -0,218
0,173 -0,218
0,182 -0,218
0,191 -0,218
0,200 -0,218
0,209 -0,218
0,218 -0,218
0,227 -0,218
0,236 -0,218
0,244 -0,218
0,253 -0,218
0,262 -0,218
0,271 -0,218
0,280 -0,218
-0,289 -0,209
-0,280 -0,209
-0,271 -0,209
-0,262 -0,209
-0,253 -0,209
-0,244 -0,209
-0,236 -0,209
-0,227 -0,209
-0,218 -0,209
-0,209 -0,209
-0,200 -0,209
-0,191 -0,209
-0,182 -0,209
-0,173 -0,209
-0,164 -0,209
-0,156 -0,209
-0,147 -0,209
-0,138 -0,209
-0,129 -0,209
-0,120 -0,209
-0,111 -0,209
-0,102 -0,209
-0,093 -0,209
-0,084 -0,209
-0,076 -0,209
-0,067 -0,209
-0,058 -0,209
-0,049 -0,209
-0,040 -0,209
-0,031 -0,209
-0,022 -0,209
-0,013 -0,209
-0,004 -0,209
0,004 -0,209
0,013 -0,209
0,022 -0,209
0,031 -0,209
0,040 -0,209
0,049 -0,209
0,058 -0,209
0,067 -0,209
0,076 -0,209
0,084 -0,209
0,093 -0,209
0,102 -0,209
0,111 -0,209
0,120 -0,209
0,129 -0,209
0,138 -0,209
0,147 -0,209
0,156 -0,209
0,164 -0,209
0,173 -0,209
0,182 -0,209
0,191 -0,209
0,200 -0,209
0,209 -0,209
0,218 -0,209
0,227 -0,209
0,236 -0,209
0,244 -0,209
0,253 -0,209
0,262 -0,209
0,271 -0,209
0,280 -0,209
-0,289 -0,200
-0,280 -0,200
-0,271 -0,200
-0,262 -0,200
-0,253 -0,200
-0,244 -0,200
-0,236 -0,200
-0,227 -0,200
-0,218 -0,200
-0,209 -0,200
-0,200 -0,200
-0,191 -0,200
-0,182 -0,200
-0,173 -0,200
-0,164 -0,200
-0,156 -0,200
-0,147 -0,200
-0,138 -0,200
-0,129 -0,200
-0,120 -0,200
-0,111 -0,200
-0,102 -0,200
-0,093 -0,200
-0,084 -0,200
-0,076 -0,200
-0,067 -0,200
-0,058 -0,200
-0,049 -0,200
-0,040 -0,200
-0,031 -0,200
-0,022 -0,200
-0,013 -0,200
-0,004 -0,200
0,004 -0,200
0,013 -0,200
0,022 -0,200
0,031 -0,200
0,040 -0,200
0,049 -0,200
0,058 -0,200
0,067 -0,200
0,076 -0,200
0,084 -0,200
0,093 -0,200
0,102 -0,200
0,111 -0,200
0,120 -0,200
0,129 -0,200
0,138 -0,200
0,147 -0,200
0,156 -0,200
0,164 -0,200
0,173 -0,200
0,182 -0,200
0,191 -0,200
0,200 -0,200
0,209 -0,200
0,218 -0,200
0,227 -0,200
0,236 -0,200
0,244 -0,200
0,253 -0,200
0,262 -0,200
0,271 -0,200
0,280 -0,200
-0,289 -0,191
-0,280 -0,191
-0,271 -0,191
-0,262 -0,191
-0,253 -0,191
-0,244 -0,191
-0,236 -0,191
-0,227 -0,191
-0,218 -0,191
-0,209 -0,191
-0,200 -0,191
-0,191 -0,191
-0,182 -0,191
-0,173 -0,191
-0,164 -0,191
-0,156 -0,191
-0,147 -0,191
-0,138 -0,191
-0,129 -0,191
-0,120 -0,191
-0,111 -0,191
-0,102 -0,191
-0,093 -0,191
-0,084 -0,191
-0,076 -0,191
-0,067 -0,191
-0,058 -0,191
-0,049 -0,191
-0,040 -0,191
-0,031 -0,191
-0,022 -0,191
-0,013 -0,191
-0,004 -0,191
0,004 -0,191
0,013 -0,191
0,022 -0,191
0,031 -0,191
0,040 -0,191
0,049 -0,191
0,058 -0,191
0,067 -0,191
0,076 -0,191
0,084 -0,191
0,093 -0,191
0,102 -0,191
0,111 -0,191
0,120 -0,191
0,129 -0,191
0,138 -0,191
0,147 -0,191
0,156 -0,191
0,164 -0,191
0,173 -0,191
0,182 -0,191
0,191 -0,191
0,200 -0,191
0,209 -0,191
0,218 -0,191
0,227 -0,191
0,236 -0,191
0,244 -0,191
0,253 -0,191
0,262 -0,191
0,271 -0,191
0,280 -0,191
-0,289 -0,182
-0,280 -0,182
-0,271 -0,182
-0,262 -0,182
-0,253 -0,182
-0,244 -0,182
-0,236 -0,182
-0,227 -0,182
-0,218 -0,182
-0,209 -0,182
-0,200 -0,182
-0,191 -0,182
-0,182 -0,182
-0,173 -0,182
-0,164 -0,182
-0,156 -0,182
-0,147 -0,182
-0,138 -0,182
-0,129 -0,182
-0,120 -0,182
-0,111 -0,182
-0,102 -0,182
-0,093 -0,182
-0,084 -0,182
-0,076 -0,182
-0,067 -0,182
-0,058 -0,182
-0,049 -0,182
-0,040 -0,182
-0,031 -0,182
-0,022 -0,182
-0,013 -0,182
-0,004 -0,182
0,004 -0,182
0,013 -0,182
0,022 -0,182
0,031 -0,182
0,040 -0,182
0,049 -0,182
0,058 -0,182
0,067 -0,182
0,076 -0,182
0,084 -0,182
0,093 -0,182
0,102 -0,182
0,111 -0,182
0,120 -0,182
0,129 -0,182
0,138 -0,182
0,147 -0,182
0,156 -0,182
0,164 -0,182
0,173 -0,182
0,182 -0,182
0,191 -0,182
0,200 -0,182
0,209 -0,182
0,218 -0,182
0,227 -0,182
0,236 -0,182
0,244 -0,182
0,253 -0,182
0,262 -0,182
0,271 -0,182
0,280 -0,182
-0,289 -0,173
-0,280 -0,173
-0,271 -0,173
-0,262 -0,173
-0,253 -0,173
-0,244 -0,173
-0,236 -0,173
-0,227 -0,173
-0,218 -0,173
-0,209 -0,173
-0,200 -0,173
-0,191 -0,173
-0,182 -0,173
-0,173 -0,173
-0,164 -0,173
-0,156 -0,173
-0,147 -0,173
-0,138 -0,173
-0,129 -0,173
-0,120 -0,173
-0,111 -0,173
-0,102 -0,173
-0,093 -0,173
-0,084 -0,173
-0,076 -0,173
-0,067 -0,173
-0,058 -0,173
-0,049 -0,173
-0,040 -0,173
-0,031 -0,173
-0,022 -0,173
-0,013 -0,173
-0,004 -0,173
0,004 -0,173
0,013 -0,173
0,022 -0,173
0,031 -0,173
0,040 -0,173
0,049 -0,173
0,058 -0,173
0,067 -0,173
0,076 -0,173
0,084 -0,173
0,093 -0,173
0,102 -0,173
0,111 -0,173
0,120 -0,173
0,129 -0,173
0,138 -0,173
0,147 -0,173
0,156 -0,173
0,164 -0,173
0,173 -0,173
0,182 -0,173
0,191 -0,173
0,200 -0,173
0,209 -0,173
0,218 -0,173
0,227 -0,173
0,236 -0,173
0,244 -0,173
0,253 -0,173
0,262 -0,173
0,271 -0,173
0,280 -0,173
-0,289 -0,164
-0,280 -0,164
-0,271 -0,164
-0,262 -0,164
-0,253 -0,164
-0,244 -0,164
-0,236 -0,164
-0,227 -0,164
-0,218 -0,164
-0,209 -0,164
-0,200 -0,164
-0,191 -0,164
-0,182 -0,164
-0,173 -0,164
-0,164 -0,164
-0,156 -0,164
-0,147 -0,164
-0,138 -0,164
-0,129 -0,164
-0,120 -0,164
-0,111 -0,164
-0,102 -0,164
-0,093 -0,164
-0,084 -0,164
-0,076 -0,164
-0,067 -0,164
-0,058 -0,164
-0,049 -0,164
-0,040 -0,164
-0,031 -0,164
-0,022 -0,164
-0,013 -0,164
-0,004 -0,164
0,004 -0,164
0,013 -0,164
0,022 -0,164
0,031 -0,164
0,040 -0,164
0,049 -0,164
0,058 -0,164
0,067 -0,164
0,076 -0,164
0,084 -0,164
0,093 -0,164
0,102 -0,164
0,111 -0,164
0,120 -0,164
0,129 -0,164
0,138 -0,164
0,147 -0,164
0,156 -0,164
0,164 -0,164
0,173 -0,164
0,182 -0,164
0,191 -0,164
0,200 -0,164
0,209 -0,164
0,218 -0,164
0,227 -0,164
0,236 -0,164
0,244 -0,164
0,253 -0,164
0,262 -0,164
0,271 -0,164
0,280 -0,164
-0,289 -0,156
-0,280 -0,156
-0,271 -0,156
-0,262 -0,156
-0,253 -0,156
-0,244 -0,156
-0,236 -0,156
-0,227 -0,156
-0,218 -0,156
-0,209 -0,156
-0,200 -0,156
-0,191 -0,156
-0,182 -0,156
-0,173 -0,156
-0,164 -0,156
-0,156 -0,156
-0,147 -0,156
-0,138 -0,156
-0,129 -0,156
-0,120 -0,156
-0,111 -0,156
-0,102 -0,156
-0,093 -0,156
-0,084 -0,156
-0,076 -0,156
-0,067 -0,156
-0,058 -0,156
-0,049 -0,156
-0,040 -0,156
-0,031 -0,156
-0,022 -0,156
-0,013 -0,156
-0,004 -0,156
0,004 -0,156
0,013 -0,156
0,022 -0,156
0,031 -0,156
0,040 -0,156
0,049 -0,156
0,058 -0,156
0,067 -0,156
0,076 -0,156
0,084 -0,156
0,093 -0,156
0,102 -0,156
0,111 -0,156
0,120 -0,156
0,129 -0,156
0,138 -0,156
0,147 -0,156
0,156 -0,156
0,164 -0,156
0,173 -0,156
0,182 -0,156
0,191 -0,156
0,200 -0,156
0,209 -0,156
0,218 -0,156
0,227 -0,156
0,236 -0,156
0,244 -0,156
0,253 -0,156
0,262 -0,156
0,271 -0,156
0,280 -0,156
-0,289 -0,147
-0,280 -0,147
-0,271 -0,147
-0,262 -0,147
-0,253 -0,147
-0,244 -0,147
-0,236 -0,147
-0,227 -0,147
-0,218 -0,147
-0,209 -0,147
-0,200 -0,147
-0,191 -0,147
-0,182 -0,147
-0,173 -0,147
-0,164 -0,147
-0,156 -0,147
0,147 -0,147
0,156 -0,147
0,164 -0,147
0,173 -0,147
0,182 -0,147
0,191 -0,147
0,200 -0,147
0,209 -0,147
0,218 -0,147
0,227 -0,147
0,236 -0,147
0,244 -0,147
0,253 -0,147
0,262 -0,147
0,271 -0,147
0,280 -0,147
-0,289 -0,138
-0,280 -0,138
-0,271 -0,138
-0,262 -0,138
-0,253 -0,138
-0,244 -0,138
-0,236 -0,138
-0,227 -0,138
-0,218 -0,138
-0,209 -0,138
-0,200 -0,138
-0,191 -0,138
-0,182 -0,138
-0,173 -0,138
-0,164 -0,138
-0,156 -0,138
0,147 -0,138
0,156 -0,138
0,164 -0,138
0,173 -0,138
0,182 -0,138
0,191 -0,138
0,200 -0,138
0,209 -0,138
0,218 -0,138
0,227 -0,138
0,236 -0,138
0,244 -0,138
0,253 -0,138
0,262 -0,138
0,271 -0,138
0,280 -0,138
-0,289 -0,129
-0,280 -0,129
-0,271 -0,129
-0,262 -0,129
-0,253 -0,129
-0,244 -0,129
-0,236 -0,129
-0,227 -0,129
-0,218 -0,129
-0,209 -0,129
-0,200 -0,129
-0,191 -0,129
-0,182 -0,129
-0,173 -0,129
-0,164 -0,129
-0,156 -0,129
0,147 -0,129
0,156 -0,129
0,164 -0,129
0,173 -0,129
0,182 -0,129
0,191 -0,129
0,200 -0,129
0,209 -0,129
0,218 -0,129
0,227 -0,129
0,236 -0,129
0,244 -0,129
0,253 -0,129
0,262 -0,129
0,271 -0,129
0,280 -0,129
-0,289 -0,120
-0,280 -0,120
-0,271 -0,120
-0,262 -0,120
-0,253 -0,120
-0,244 -0,120
-0,236 -0,120
-0,227 -0,120
-0,218 -0,120
-0,209 -0,120
-0,200 -0,120
-0,191 -0,120
-0,182 -0,120
-0,173 -0,120
-0,164 -0,120
-0,156 -0,120
0,147 -0,120
0,156 -0,120
0,164 -0,120
0,173 -0,120
0,182 -0,120
0,191 -0,120
0,200 -0,120
0,209 -0,120
0,218 -0,120
0,227 -0,120
0,236 -0,120
0,244 -0,120
0,253 -0,120
0,262 -0,120
0,271 -0,120
0,280 -0,120
-0,289 -0,111
-0,280 -0,111
-0,271 -0,111
-0,262 -0,111
-0,253 -0,111
-0,244 -0,111
-0,236 -0,111
-0,227 -0,111
-0,218 -0,111
-0,209 -0,111
-0,200 -0,111
-0,191 -0,111
-0,182 -0,111
-0,173 -0,111
-0,164 -0,111
-0,156 -0,111
0,147 -0,111
0,156 -0,111
0,164 -0,111
0,173 -0,111
0,182 -0,111
0,191 -0,111
0,200 -0,111
0,209 -0,111
0,218 -0,111
0,227 -0,111
0,236 -0,111
0,244 -0,111
0,253 -0,111
0,262 -0,111
0,271 -0,111
0,280 -0,111
-0,289 -0,102
-0,280 -0,102
-0,271 -0,102
-0,262 -0,102
-0,253 -0,102
-0,244 -0,102
-0,236 -0,102
-0,227 -0,102
-0,218 -0,102
-0,209 -0,102
-0,200 -0,102
-0,191 -0,102
-0,182 -0,102
-0,173 -0,102
-0,164 -0,102
-0,156 -0,102
0,147 -0,102
0,156 -0,102
0,164 -0,102
0,173 -0,102
0,182 -0,102
0,191 -0,102
0,200 -0,102
0,209 -0,102
0,218 -0,102
0,227 -0,102
0,236 -0,102
0,244 -0,102
0,253 -0,102
0,262 -0,102
0,271 -0,102
0,280 -0,102
-0,289 -0,093
-0,280 -0,093
-0,271 -0,093
-0,262 -0,093
-0,253 -0,093
-0,244 -0,093
-0,236 -0,093
-0,227 -0,093
-0,218 -0,093
-0,209 -0,093
-0,200 -0,093
-0,191 -0,093
-0,182 -0,093
-0,173 -0,093
-0,164 -0,093
-0,156 -0,093
0,147 -0,093
0,156 -0,093
0,164 -0,093
0,173 -0,093
0,182 -0,093
0,191 -0,093
0,200 -0,093
0,209 -0,093
0,218 -0,093
0,227 -0,093
0,236 -0,093
0,244 -0,093
0,253 -0,093
0,262 -0,093
0,271 -0,093
0,280 -0,093
-0,289 -0,084
-0,280 -0,084
-0,271 -0,084
-0,262 -0,084
-0,253 -0,084
-0,244 -0,084
-0,236 -0,084
-0,227 -0,084
-0,218 -0,084
-0,209 -0,084
-0,200 -0,084
-0,191 -0,084
-0,182 -0,084
-0,173 -0,084
-0,164 -0,084
-0,156 -0,084
0,147 -0,084
0,156 -0,084
0,164 -0,084
0,173 -0,084
0,182 -0,084
0,191 -0,084
0,200 -0,084
0,209 -0,084
0,218 -0,084
0,227 -0,084
0,236 -0,084
0,244 -0,084
0,253 -0,084
0,262 -0,084
0,271 -0,084
0,280 -0,084
-0,289 -0,076
-0,280 -0,076
-0,271 -0,076
-0,262 -0,076
-0,253 -0,076
-0,244 -0,076
-0,236 -0,076
-0,227 -0,076
-0,218 -0,076
-0,209 -0,076
-0,200 -0,076
-0,191 -0,076
-0,182 -0,076
-0,173 -0,076
-0,164 -0,076
-0,156 -0,076
-0,093 -0,076
-0,084 -0,076
-0,076 -0,076
-0,067 -0,076
-0,058 -0,076
0,049 -0,076
0,058 -0,076
0,067 -0,076
0,076 -0,076
0,084 -0,076
0,147 -0,076
0,156 -0,076
0,164 -0,076
0,173 -0,076
0,182 -0,076
0,191 -0,076
0,200 -0,076
0,209 -0,076
0,218 -0,076
0,227 -0,076
0,236 -0,076
0,244 -0,076
0,253 -0,076
0,262 -0,076
0,271 -0,076
0,280 -0,076
-0,289 -0,067
-0,280 -0,067
-0,271 -0,067
-0,262 -0,067
-0,253 -0,067
-0,244 -0,067
-0,236 -0,067
-0,227 -0,067
-0,218 -0,067
-0,209 -0,067
-0,200 -0,067
-0,191 -0,067
-0,182 -0,067
-0,173 -0,067
-0,164 -0,067
-0,156 -0,067
-0,120 -0,067
-0,111 -0,067
-0,102 -0,067
-0,093 -0,067
-0,084 -0,067
-0,076 -0,067
-0,067 -0,067
-0,058 -0,067
0,049 -0,067
0,058 -0,067
0,067 -0,067
0,076 -0,067
0,084 -0,067
0,093 -0,067
0,102 -0,067
0,111 -0,067
0,147 -0,067
0,156 -0,067
0,164 -0,067
0,173 -0,067
0,182 -0,067
0,191 -0,067
0,200 -0,067
0,209 -0,067
0,218 -0,067
0,227 -0,067
0,236 -0,067
0,244 -0,067
0,253 -0,067
0,262 -0,067
0,271 -0,067
0,280 -0,067
-0,289 -0,058
-0,280 -0,058
-0,271 -0,058
-0,262 -0,058
-0,253 -0,058
-0,244 -0,058
-0,236 -0,058
-0,227 -0,058
-0,218 -0,058
-0,209 -0,058
-0,200 -0,058
-0,191 -0,058
-0,182 -0,058
-0,173 -0,058
-0,164 -0,058
-0,156 -0,058
-0,129 -0,058
-0,120 -0,058
-0,111 -0,058
-0,102 -0,058
-0,093 -0,058
-0,084 -0,058
-0,076 -0,058
-0,067 -0,058
-0,058 -0,058
0,049 -0,058
0,058 -0,058
0,067 -0,058
0,076 -0,058
0,084 -0,058
0,093 -0,058
0,102 -0,058
0,111 -0,058
0,120 -0,058
0,147 -0,058
0,156 -0,058
0,164 -0,058
0,173 -0,058
0,182 -0,058
0,191 -0,058
0,200 -0,058
0,209 -0,058
0,218 -0,058
0,227 -0,058
0,236 -0,058
0,244 -0,058
0,253 -0,058
0,262 -0,058
0,271 -0,058
0,280 -0,058
-0,289 -0,049
-0,280 -0,049
-0,271 -0,049
-0,262 -0,049
-0,253 -0,049
-0,244 -0,049
-0,236 -0,049
-0,227 -0,049
-0,218 -0,049
-0,209 -0,049
-0,200 -0,049
-0,191 -0,049
-0,182 -0,049
-0,173 -0,049
-0,164 -0,049
-0,156 -0,049
-0,147 -0,049
-0,138 -0,049
-0,129 -0,049
-0,120 -0,049
-0,111 -0,049
-0,102 -0,049
-0,093 -0,049
-0,084 -0,049
-0,076 -0,049
-0,067 -0,049
-0,058 -0,049
0,049 -0,049
0,058 -0,049
0,067 -0,049
0,076 -0,049
0,084 -0,049
0,093 -0,049
0,102 -0,049
0,111 -0,049
0,120 -0,049
0,129 -0,049
0,138 -0,049
0,147 -0,049
0,156 -0,049
0,164 -0,049
0,173 -0,049
0,182 -0,049
0,191 -0,049
0,200 -0,049
0,209 -0,049
0,218 -0,049
0,227 -0,049
0,236 -0,049
0,244 -0,049
0,253 -0,049
0,262 -0,049
0,271 -0,049
0,280 -0,049
-0,289 -0,040
-0,280 -0,040
-0,271 -0,040
-0,262 -0,040
-0,253 -0,040
-0,244 -0,040
-0,236 -0,040
-0,227 -0,040
-0,218 -0,040
-0,209 -0,040
-0,200 -0,040
-0,191 -0,040
-0,182 -0,040
-0,173 -0,040
-0,164 -0,040
-0,156 -0,040
-0,147 -0,040
-0,138 -0,040
-0,129 -0,040
-0,120 -0,040
-0,111 -0,040
-0,102 -0,040
-0,093 -0,040
-0,084 -0,040
-0,076 -0,040
-0,067 -0,040
-0,058 -0,040
0,049 -0,040
0,058 -0,040
0,067 -0,040
0,076 -0,040
0,084 -0,040
0,093 -0,040
0,102 -0,040
0,111 -0,040
0,120 -0,040
0,129 -0,040
0,138 -0,040
0,147 -0,040
0,156 -0,040
0,164 -0,040
0,173 -0,040
0,182 -0,040
0,191 -0,040
0,200 -0,040
0,209 -0,040
0,218 -0,040
0,227 -0,040
0,236 -0,040
0,244 -0,040
0,253 -0,040
0,262 -0,040
0,271 -0,040
0,280 -0,040
-0,289 -0,031
-0,280 -0,031
-0,271 -0,031
-0,262 -0,031
-0,253 -0,031
-0,244 -0,031
-0,236 -0,031
-0,227 -0,031
-0,218 -0,031
-0,209 -0,031
-0,200 -0,031
-0,191 -0,031
-0,182 -0,031
-0,173 -0,031
-0,164 -0,031
-0,156 -0,031
-0,147 -0,031
-0,138 -0,031
-0,129 -0,031
-0,120 -0,031
-0,111 -0,031
-0,102 -0,031
-0,093 -0,031
-0,084 -0,031
-0,076 -0,031
-0,067 -0,031
-0,058 -0,031
0,049 -0,031
0,058 -0,031
0,067 -0,031
0,076 -0,031
0,084 -0,031
0,093 -0,031
0,102 -0,031
0,111 -0,031
0,120 -0,031
0,129 -0,031
0,138 -0,031
0,147 -0,031
0,156 -0,031
0,164 -0,031
0,173 -0,031
0,182 -0,031
0,191 -0,031
0,200 -0,031
0,209 -0,031
0,218 -0,031
0,227 -0,031
0,236 -0,031
0,244 -0,031
0,253 -0,031
0,262 -0,031
0,271 -0,031
0,280 -0,031
-0,289 -0,022
-0,280 -0,022
-0,271 -0,022
-0,262 -0,022
-0,253 -0,022
-0,244 -0,022
-0,236 -0,022
-0,227 -0,022
-0,218 -0,022
-0,209 -0,022
-0,200 -0,022
-0,191 -0,022
-0,182 -0,022
-0,173 -0,022
-0,164 -0,022
-0,156 -0,022
-0,147 -0,022
-0,138 -0,022
-0,129 -0,022
-0,120 -0,022
-0,111 -0,022
-0,102 -0,022
-0,093 -0,022
-0,084 -0,022
-0,076 -0,022
-0,067 -0,022
-0,058 -0,022
0,049 -0,022
0,058 -0,022
0,067 -0,022
0,076 -0,022
0,084 -0,022
0,093 -0,022
0,102 -0,022
0,111 -0,022
0,120 -0,022
0,129 -0,022
0,138 -0,022
0,147 -0,022
0,156 -0,022
0,164 -0,022
0,173 -0,022
0,182 -0,022
0,191 -0,022
0,200 -0,022
0,209 -0,022
0,218 -0,022
0,227 -0,022
0,236 -0,022
0,244 -0,022
0,253 -0,022
0,262 -0,022
0,271 -0,022
0,280 -0,022
-0,289 -0,013
-0,280 -0,013
-0,271 -0,013
-0,262 -0,013
-0,253 -0,013
-0,244 -0,013
-0,236 -0,013
-0,227 -0,013
-0,218 -0,013
-0,209 -0,013
-0,200 -0,013
-0,191 -0,013
-0,182 -0,013
-0,173 -0,013
-0,164 -0,013
-0,156 -0,013
-0,147 -0,013
-0,138 -0,013
-0,129 -0,013
-0,120 -0,013
-0,111 -0,013
-0,102 -0,013
-0,093 -0,013
-0,084 -0,013
-0,076 -0,013
-0,067 -0,013
-0,058 -0,013
0,049 -0,013
0,058 -0,013
0,067 -0,013
0,076 -0,013
0,084 -0,013
0,093 -0,013
0,102 -0,013
0,111 -0,013
0,120 -0,013
0,129 -0,013
0,138 -0,013
0,147 -0,013
0,156 -0,013
0,164 -0,013
0,173 -0,013
0,182 -0,013
0,191 -0,013
0,200 -0,013
0,209 -0,013
0,218 -0,013
0,227 -0,013
0,236 -0,013
0,244 -0,013
0,253 -0,013
0,262 -0,013
0,271 -0,013
0,280 -0,013
-0,289 -0,004
-0,280 -0,004
-0,271 -0,004
-0,262 -0,004
-0,253 -0,004
-0,244 -0,004
-0,236 -0,004
-0,227 -0,004
-0,218 -0,004
-0,209 -0,004
-0,200 -0,004
-0,191 -0,004
-0,182 -0,004
-0,173 -0,004
-0,164 -0,004
-0,156 -0,004
-0,147 -0,004
-0,138 -0,004
-0,129 -0,004
-0,120 -0,004
-0,111 -0,004
-0,102 -0,004
-0,093 -0,004
-0,084 -0,004
-0,076 -0,004
-0,067 -0,004
-0,058 -0,004
0,049 -0,004
0,058 -0,004
0,067 -0,004
0,076 -0,004
0,084 -0,004
0,093 -0,004
0,102 -0,004
0,111 -0,004
0,120 -0,004
0,129 -0,004
0,138 -0,004
0,147 -0,004
0,156 -0,004
0,164 -0,004
0,173 -0,004
0,182 -0,004
0,191 -0,004
0,200 -0,004
0,209 -0,004
0,218 -0,004
0,227 -0,004
0,236 -0,004
0,244 -0,004
0,253 -0,004
0,262 -0,004
0,271 -0,004
0,280 -0,004
-0,289 0,004
-0,280 0,004
-0,271 0,004
-0,262 0,004
-0,253 0,004
-0,244 0,004
-0,236 0,004
-0,227 0,004
-0,218 0,004
-0,209 0,004
-0,200 0,004
-0,191 0,004
-0,182 0,004
-0,173 0,004
-0,164 0,004
-0,156 0,004
-0,147 0,004
-0,138 0,004
-0,129 0,004
-0,120 0,004
-0,111 0,004
-0,102 0,004
-0,093 0,004
-0,084 0,004
-0,076 0,004
-0,067 0,004
-0,058 0,004
0,049 0,004
0,058 0,004
0,067 0,004
0,076 0,004
0,084 0,004
0,093 0,004
0,102 0,004
0,111 0,004
0,120 0,004
0,129 0,004
0,138 0,004
0,147 0,004
0,156 0,004
0,164 0,004
0,173 0,004
0,182 0,004
0,191 0,004
0,200 0,004
0,209 0,004
0,218 0,004
0,227 0,004
0,236 0,004
0,244 0,004
0,253 0,004
0,262 0,004
0,271 0,004
0,280 0,004
-0,289 0,013
-0,280 0,013
-0,271 0,013
-0,262 0,013
-0,253 0,013
-0,244 0,013
-0,236 0,013
-0,227 0,013
-0,218 0,013
-0,209 0,013
-0,200 0,013
-0,191 0,013
-0,182 0,013
-0,173 0,013
-0,164 0,013
-0,156 0,013
-0,147 0,013
-0,138 0,013
-0,129 0,013
-0,120 0,013
-0,111 0,013
-0,102 0,013
-0,093 0,013
-0,084 0,013
-0,076 0,013
-0,067 0,013
-0,058 0,013
0,049 0,013
0,058 0,013
0,067 0,013
0,076 0,013
0,084 0,013
0,093 0,013
0,102 0,013
0,111 0,013
0,120 0,013
0,129 0,013
0,138 0,013
0,147 0,013
0,156 0,013
0,164 0,013
0,173 0,013
0,182 0,013
0,191 0,013
0,200 0,013
0,209 0,013
0,218 0,013
0,227 0,013
0,236 0,013
0,244 0,013
0,253 0,013
0,262 0,013
0,271 0,013
0,280 0,013
-0,289 0,022
-0,280 0,022
-0,271 0,022
-0,262 0,022
-0,253 0,022
-0,244 0,022
-0,236 0,022
-0,227 0,022
-0,218 0,022
-0,209 0,022
-0,200 0,022
-0,191 0,022
-0,182 0,022
-0,173 0,022
-0,164 0,022
-0,156 0,022
-0,147 0,022
-0,138 0,022
-0,129 0,022
-0,120 0,022
-0,111 0,022
-0,102 0,022
-0,093 0,022
-0,084 0,022
-0,076 0,022
-0,067 0,022
-0,058 0,022
0,049 0,022
0,058 0,022
0,067 0,022
0,076 0,022
0,084 0,022
0,093 0,022
0,102 0,022
0,111 0,022
0,120 0,022
0,129 0,022
0,138 0,022
0,147 0,022
0,156 0,022
0,164 0,022
0,173 0,022
0,182 0,022
0,191 0,022
0,200 0,022
0,209 0,022
0,218 0,022
0,227 0,022
0,236 0,022
0,244 0,022
0,253 0,022
0,262 0,022
0,271 0,022
0,280 0,022
-0,289 0,031
-0,280 0,031
-0,271 0,031
-0,262 0,031
-0,253 0,031
-0,244 0,031
-0,236 0,031
-0,227 0,031
-0,218 0,031
-0,209 0,031
-0,200 0,031
-0,191 0,031
-0,182 0,031
-0,173 0,031
-0,164 0,031
-0,156 0,031
-0,147 0,031
-0,138 0,031
-0,129 0,031
-0,120 0,031
-0,111 0,031
-0,102 0,031
-0,093 0,031
-0,084 0,031
-0,076 0,031
-0,067 0,031
-0,058 0,031
0,049 0,031
0,058 0,031
0,067 0,031
0,076 0,031
0,084 0,031
0,093 0,031
0,102 0,031
0,111 0,031
0,120 0,031
0,129 0,031
0,138 0,031
0,147 0,031
0,156 0,031
0,164 0,031
0,173 0,031
0,182 0,031
0,191 0,031
0,200 0,031
0,209 0,031
0,218 0,031
0,227 0,031
0,236 0,031
0,244 0,031
0,253 0,031
0,262 0,031
0,271 0,031
0,280 0,031
-0,289 0,040
-0,280 0,040
-0,271 0,040
-0,262 0,040
-0,253 0,040
-0,244 0,040
-0,236 0,040
-0,227 0,040
-0,218 0,040
-0,209 0,040
-0,200 0,040
-0,191 0,040
-0,182 0,040
-0,173 0,040
-0,164 0,040
-0,156 0,040
-0,147 0,040
-0,138 0,040
-0,129 0,040
-0,120 0,040
-0,111 0,040
-0,102 0,040
-0,093 0,040
-0,084 0,040
-0,076 0,040
-0,067 0,040
-0,058 0,040
0,049 0,040
0,058 0,040
0,067 0,040
0,076 0,040
0,084 0,040
0,093 0,040
0,102 0,040
0,111 0,040
0,120 0,040
0,129 0,040
0,138 0,040
0,147 0,040
0,156 0,040
0,164 0,040
0,173 0,040
0,182 0,040
0,191 0,040
0,200 0,040
0,209 0,040
0,218 0,040
0,227 0,040
0,236 0,040
0,244 0,040
0,253 0,040
0,262 0,040
0,271 0,040
0,280 0,040
-0,289 0,049
-0,280 0,049
-0,271 0,049
-0,262 0,049
-0,253 0,049
-0,244 0,049
-0,236 0,049
-0,227 0,049
-0,218 0,049
-0,209 0,049
-0,200 0,049
-0,191 0,049
-0,182 0,049
-0,173 0,049
-0,164 0,049
-0,156 0,049
-0,147 0,049
-0,138 0,049
-0,129 0,049
-0,120 0,049
-0,111 0,049
-0,102 0,049
-0,093 0,049
-0,084 0,049
-0,076 0,049
-0,067 0,049
-0,058 0,049
0,049 0,049
0,058 0,049
0,067 0,049
0,076 0,049
0,084 0,049
0,093 0,049
0,102 0,049
0,111 0,049
0,120 0,049
0,129 0,049
0,138 0,049
0,147 0,049
0,156 0,049
0,164 0,049
0,173 0,049
0,182 0,049
0,191 0,049
0,200 0,049
0,209 0,049
0,218 0,049
0,227 0,049
0,236 0,049
0,244 0,049
0,253 0,049
0,262 0,049
0,271 0,049
0,280 0,049
-0,280 0,058
-0,271 0,058
-0,262 0,058
-0,253 0,058
-0,244 0,058
-0,236 0,058
-0,227 0,058
-0,218 0,058
-0,209 0,058
-0,200 0,058
-0,191 0,058
-0,182 0,058
-0,173 0,058
-0,164 0,058
-0,156 0,058
-0,147 0,058
-0,138 0,058
-0,129 0,058
-0,120 0,058
-0,111 0,058
-0,102 0,058
-0,093 0,058
-0,084 0,058
-0,076 0,058
-0,067 0,058
-0,058 0,058
0,049 0,058
0,058 0,058
0,067 0,058
0,076 0,058
0,084 0,058
0,093 0,058
0,102 0,058
0,111 0,058
0,120 0,058
0,129 0,058
0,138 0,058
0,147 0,058
0,156 0,058
0,164 0,058
0,173 0,058
0,182 0,058
0,191 0,058
0,200 0,058
0,209 0,058
0,218 0,058
0,227 0,058
0,236 0,058
0,244 0,058
0,253 0,058
0,262 0,058
0,271 0,058
-0,280 0,067
-0,271 0,067
-0,262 0,067
-0,253 0,067
-0,244 0,067
-0,236 0,067
-0,227 0,067
-0,218 0,067
-0,209 0,067
-0,200 0,067
-0,191 0,067
-0,182 0,067
-0,173 0,067
-0,164 0,067
-0,156 0,067
-0,147 0,067
-0,138 0,067
-0,129 0,067
-0,120 0,067
-0,111 0,067
-0,102 0,067
-0,093 0,067
-0,084 0,067
-0,076 0,067
-0,067 0,067
-0,058 0,067
0,049 0,067
0,058 0,067
0,067 0,067
0,076 0,067
0,084 0,067
0,093 0,067
0,102 0,067
0,111 0,067
0,120 0,067
0,129 0,067
0,138 0,067
0,147 0,067
0,156 0,067
0,164 0,067
0,173 0,067
0,182 0,067
0,191 0,067
0,200 0,067
0,209 0,067
0,218 0,067
0,227 0,067
0,236 0,067
0,244 0,067
0,253 0,067
0,262 0,067
0,271 0,067
-0,280 0,076
-0,271 0,076
-0,262 0,076
-0,253 0,076
-0,244 0,076
-0,236 0,076
-0,227 0,076
-0,218 0,076
-0,209 0,076
-0,200 0,076
-0,191 0,076
-0,182 0,076
-0,173 0,076
-0,164 0,076
-0,156 0,076
-0,147 0,076
-0,138 0,076
-0,129 0,076
-0,120 0,076
-0,111 0,076
-0,102 0,076
-0,093 0,076
-0,084 0,076
-0,076 0,076
-0,067 0,076
0,049 0,076
0,058 0,076
0,067 0,076
0,076 0,076
0,084 0,076
0,093 0,076
0,102 0,076
0,111 0,076
0,120 0,076
0,129 0,076
0,138 0,076
0,147 0,076
0,156 0,076
0,164 0,076
0,173 0,076
0,182 0,076
0,191 0,076
0,200 0,076
0,209 0,076
0,218 0,076
0,227 0,076
0,236 0,076
0,244 0,076
0,253 0,076
0,262 0,076
0,271 0,076
-0,271 0,084
-0,262 0,084
-0,253 0,084
-0,244 0,084
-0,236 0,084
-0,227 0,084
-0,218 0,084
-0,209 0,084
-0,200 0,084
-0,191 0,084
-0,182 0,084
-0,173 0,084
-0,164 0,084
-0,156 0,084
-0,147 0,084
-0,138 0,084
-0,129 0,084
-0,120 0,084
-0,111 0,084
-0,102 0,084
-0,093 0,084
-0,084 0,084
-0,076 0,084
-0,067 0,084
0,058 0,084
0,067 0,084
0,076 0,084
0,084 0,084
0,093 0,084
0,102 0,084
0,111 0,084
0,120 0,084
0,129 0,084
0,138 0,084
0,147 0,084
0,156 0,084
0,164 0,084
0,173 0,084
0,182 0,084
0,191 0,084
0,200 0,084
0,209 0,084
0,218 0,084
0,227 0,084
0,236 0,084
0,244 0,084
0,253 0,084
0,262 0,084
-0,271 0,093
-0,262 0,093
-0,253 0,093
-0,244 0,093
-0,236 0,093
-0,227 0,093
-0,218 0,093
-0,209 0,093
-0,200 0,093
-0,191 0,093
-0,182 0,093
-0,173 0,093
-0,164 0,093
-0,156 0,093
-0,147 0,093
-0,138 0,093
-0,129 0,093
-0,120 0,093
-0,111 0,093
-0,102 0,093
-0,093 0,093
-0,084 0,093
-0,076 0,093
-0,067 0,093
0,058 0,093
0,067 0,093
0,076 0,093
0,084 0,093
0,093 0,093
0,102 0,093
0,111 0,093
0,120 0,093
0,129 0,093
0,138 0,093
0,147 0,093
0,156 0,093
0,164 0,093
0,173 0,093
0,182 0,093
0,191 0,093
0,200 0,093
0,209 0,093
0,218 0,093
0,227 0,093
0,236 0,093
0,244 0,093
0,253 0,093
0,262 0,093
-0,262 0,102
-0,253 0,102
-0,244 0,102
-0,236 0,102
-0,227 0,102
-0,218 0,102
-0,209 0,102
-0,200 0,102
-0,191 0,102
-0,182 0,102
-0,173 0,102
-0,164 0,102
-0,156 0,102
-0,147 0,102
-0,138 0,102
-0,129 0,102
-0,120 0,102
-0,111 0,102
-0,102 0,102
-0,093 0,102
-0,084 0,102
-0,076 0,102
0,067 0,102
0,076 0,102
0,084 0,102
0,093 0,102
0,102 0,102
0,111 0,102
0,120 0,102
0,129 0,102
0,138 0,102
0,147 0,102
0,156 0,102
0,164 0,102
0,173 0,102
0,182 0,102
0,191 0,102
0,200 0,102
0,209 0,102
0,218 0,102
0,227 0,102
0,236 0,102
0,244 0,102
0,253 0,102
-0,262 0,111
-0,253 0,111
-0,244 0,111
-0,236 0,111
-0,227 0,111
-0,218 0,111
-0,209 0,111
-0,200 0,111
-0,191 0,111
-0,182 0,111
-0,173 0,111
-0,164 0,111
-0,156 0,111
-0,147 0,111
-0,138 0,111
-0,129 0,111
-0,120 0,111
-0,111 0,111
-0,102 0,111
-0,093 0,111
-0,084 0,111
-0,076 0,111
-0,067 0,111
-0,058 0,111
-0,049 0,111
-0,040 0,111
-0,031 0,111
-0,022 0,111
-0,013 0,111
-0,004 0,111
0,004 0,111
0,013 0,111
0,022 0,111
0,031 0,111
0,040 0,111
0,049 0,111
0,058 0,111
0,067 0,111
0,076 0,111
0,084 0,111
0,093 0,111
0,102 0,111
0,111 0,111
0,120 0,111
0,129 0,111
0,138 0,111
0,147 0,111
0,156 0,111
0,164 0,111
0,173 0,111
0,182 0,111
0,191 0,111
0,200 0,111
0,209 0,111
0,218 0,111
0,227 0,111
0,236 0,111
0,244 0,111
0,253 0,111
-0,253 0,120
-0,244 0,120
-0,236 0,120
-0,227 0,120
-0,218 0,120
-0,209 0,120
-0,200 0,120
-0,191 0,120
-0,182 0,120
-0,173 0,120
-0,164 0,120
-0,156 0,120
-0,147 0,120
-0,138 0,120
-0,129 0,120
-0,120 0,120
-0,111 0,120
-0,102 0,120
-0,093 0,120
-0,084 0,120
-0,076 0,120
-0,067 0,120
-0,058 0,120
-0,049 0,120
-0,040 0,120
-0,031 0,120
-0,022 0,120
-0,013 0,120
-0,004 0,120
0,004 0,120
0,013 0,120
0,022 0,120
0,031 0,120
0,040 0,120
0,049 0,120
0,058 0,120
0,067 0,120
0,076 0,120
0,084 0,120
0,093 0,120
0,102 0,120
0,111 0,120
0,120 0,120
0,129 0,120
0,138 0,120
0,147 0,120
0,156 0,120
0,164 0,120
0,173 0,120
0,182 0,120
0,191 0,120
0,200 0,120
0,209 0,120
0,218 0,120
0,227 0,120
0,236 0,120
0,244 0,120
-0,244 0,129
-0,236 0,129
-0,227 0,129
-0,218 0,129
-0,209 0,129
-0,200 0,129
-0,191 0,129
-0,182 0,129
-0,173 0,129
-0,164 0,129
-0,156 0,129
-0,147 0,129
-0,138 0,129
-0,129 0,129
-0,120 0,129
-0,111 0,129
-0,102 0,129
-0,093 0,129
-0,084 0,129
-0,076 0,129
-0,067 0,129
-0,058 0,129
-0,049 0,129
-0,040 0,129
-0,031 0,129
-0,022 0,129
-0,013 0,129
-0,004 0,129
0,004 0,129
0,013 0,129
0,022 0,129
0,031 0,129
0,040 0,129
0,049 0,129
0,058 0,129
0,067 0,129
0,076 0,129
0,084 0,129
0,093 0,129
0,102 0,129
0,111 0,129
0,120 0,129
0,129 0,129
0,138 0,129
0,147 0,129
0,156 0,129
0,164 0,129
0,173 0,129
0,182 0,129
0,191 0,129
0,200 0,129
0,209 0,129
0,218 0,129
0,227 0,129
0,236 0,129
-0,236 0,138
-0,227 0,138
-0,218 0,138
-0,209 0,138
-0,200 0,138
-0,191 0,138
-0,182 0,138
-0,173 0,138
-0,164 0,138
-0,156 0,138
-0,147 0,138
-0,138 0,138
-0,129 0,138
-0,120 0,138
-0,111 0,138
-0,102 0,138
-0,093 0,138
-0,084 0,138
-0,076 0,138
-0,067 0,138
-0,058 0,138
-0,049 0,138
-0,040 0,138
-0,031 0,138
-0,022 0,138
-0,013 0,138
-0,004 0,138
0,004 0,138
0,013 0,138
0,022 0,138
0,031 0,138
0,040 0,138
0,049 0,138
0,058 0,138
0,067 0,138
0,076 0,138
0,084 0,138
0,093 0,138
0,102 0,138
0,111 0,138
0,120 0,138
0,129 0,138
0,138 0,138
0,147 0,138
0,156 0,138
0,164 0,138
0,173 0,138
0,182 0,138
0,191 0,138
0,200 0,138
0,209 0,138
0,218 0,138
0,227 0,138
-0,227 0,147
-0,218 0,147
-0,209 0,147
-0,200 0,147
-0,191 0,147
-0,182 0,147
-0,173 0,147
-0,164 0,147
-0,156 0,147
-0,147 0,147
-0,138 0,147
-0,129 0,147
-0,120 0,147
-0,111 0,147
-0,102 0,147
-0,093 0,147
-0,084 0,147
-0,076 0,147
-0,067 0,147
-0,058 0,147
-0,049 0,147
-0,040 0,147
-0,031 0,147
-0,022 0,147
-0,013 0,147
-0,004 0,147
0,004 0,147
0,013 0,147
0,022 0,147
0,031 0,147
0,040 0,147
0,049 0,147
0,058 0,147
0,067 0,147
0,076 0,147
0,084 0,147
0,093 0,147
0,102 0,147
0,111 0,147
0,120 0,147
0,129 0,147
0,138 0,147
0,147 0,147
0,156 0,147
0,164 0,147
0,173 0,147
0,182 0,147
0,191 0,147
0,200 0,147
0,209 0,147
0,218 0,147
-0,218 0,156
-0,209 0,156
-0,200 0,156
-0,191 0,156
-0,182 0,156
-0,173 0,156
-0,164 0,156
-0,156 0,156
-0,147 0,156
-0,138 0,156
-0,129 0,156
-0,120 0,156
-0,111 0,156
-0,102 0,156
-0,093 0,156
-0,084 0,156
-0,076 0,156
-0,067 0,156
-0,058 0,156
-0,049 0,156
-0,040 0,156
-0,031 0,156
-0,022 0,156
-0,013 0,156
-0,004 0,156
0,004 0,156
0,013 0,156
0,022 0,156
0,031 0,156
0,040 0,156
0,049 0,156
0,058 0,156
0,067 0,156
0,076 0,156
0,084 0,156
0,093 0,156
0,102 0,156
0,111 0,156
0,120 0,156
0,129 0,156
0,138 0,156
0,147 0,156
0,156 0,156
0,164 0,156
0,173 0,156
0,182 0,156
0,191 0,156
0,200 0,156
0,209 0,156
-0,209 0,164
-0,200 0,164
-0,191 0,164
-0,182 0,164
-0,173 0,164
-0,164 0,164
-0,156 0,164
-0,147 0,164
-0,138 0,164
-0,129 0,164
-0,120 0,164
-0,111 0,164
-0,102 0,164
-0,093 0,164
-0,084 0,164
-0,076 0,164
-0,067 0,164
-0,058 0,164
-0,049 0,164
-0,040 0,164
-0,031 0,164
-0,022 0,164
-0,013 0,164
-0,004 0,164
0,004 0,164
0,013 0,164
0,022 0,164
0,031 0,164
0,040 0,164
0,049 0,164
0,058 0,164
0,067 0,164
0,076 0,164
0,084 0,164
0,093 0,164
0,102 0,164
0,111 0,164
0,120 0,164
0,129 0,164
0,138 0,164
0,147 0,164
0,156 0,164
0,164 0,164
0,173 0,164
0,182 0,164
0,191 0,164
0,200 0,164
-0,200 0,173
-0,191 0,173
-0,182 0,173
-0,173 0,173
-0,164 0,173
-0,156 0,173
-0,147 0,173
-0,138 0,173
-0,129 0,173
-0,120 0,173
-0,111 0,173
-0,102 0,173
-0,093 0,173
-0,084 0,173
-0,076 0,173
-0,067 0,173
-0,058 0,173
-0,049 0,173
-0,040 0,173
-0,031 0,173
-0,022 0,173
-0,013 0,173
-0,004 0,173
0,004 0,173
0,013 0,173
0,022 0,173
0,031 0,173
0,040 0,173
0,049 0,173
0,058 0,173
0,067 0,173
0,076 0,173
0,084 0,173
0,093 0,173
0,102 0,173
0,111 0,173
0,120 0,173
0,129 0,173
0,138 0,173
0,147 0,173
0,156 0,173
0,164 0,173
0,173 0,173
0,182 0,173
0,191 0,173
-0,182 0,182
-0,173 0,182
-0,164 0,182
-0,156 0,182
-0,147 0,182
-0,138 0,182
-0,129 0,182
-0,120 0,182
-0,111 0,182
-0,102 0,182
-0,093 0,182
-0,084 0,182
-0,076 0,182
-0,067 0,182
-0,058 0,182
-0,049 0,182
-0,040 0,182
-0,031 0,182
-0,022 0,182
-0,013 0,182
-0,004 0,182
0,004 0,182
0,013 0,182
0,022 0,182
0,031 0,182
0,040 0,182
0,049 0,182
0,058 0,182
0,067 0,182
0,076 0,182
0,084 0,182
0,093 0,182
0,102 0,182
0,111 0,182
0,120 0,182
0,129 0,182
0,138 0,182
0,147 0,182
0,156 0,182
0,164 0,182
0,173 0,182
-0,164 0,191
-0,156 0,191
-0,147 0,191
-0,138 0,191
-0,129 0,191
-0,120 0,191
-0,111 0,191
-0,102 0,191
-0,093 0,191
-0,084 0,191
-0,076 0,191
-0,067 0,191
-0,058 0,191
-0,049 0,191
-0,040 0,191
-0,031 0,191
-0,022 0,191
-0,013 0,191
-0,004 0,191
0,004 0,191
0,013 0,191
0,022 0,191
0,031 0,191
0,040 0,191
0,049 0,191
0,058 0,191
0,067 0,191
0,076 0,191
0,084 0,191
0,093 0,191
0,102 0,191
0,111 0,191
0,120 0,191
0,129 0,191
0,138 0,191
0,147 0,191
0,156 0,191
-0,156 0,200
-0,147 0,200
-0,138 0,200
-0,129 0,200
-0,120 0,200
-0,111 0,200
-0,102 0,200
-0,093 0,200
-0,084 0,200
-0,076 0,200
-0,067 0,200
-0,058 0,200
-0,049 0,200
-0,040 0,200
-0,031 0,200
-0,022 0,200
-0,013 0,200
-0,004 0,200
0,004 0,200
0,013 0,200
0,022 0,200
0,031 0,200
0,040 0,200
0,049 0,200
0,058 0,200
0,067 0,200
0,076 0,200
0,084 0,200
0,093 0,200
0,102 0,200
0,111 0,200
0,120 0,200
0,129 0,200
0,138 0,200
-0,138 0,209
-0,129 0,209
-0,120 0,209
-0,111 0,209
-0,102 0,209
-0,093 0,209
-0,084 0,209
-0,076 0,209
-0,067 0,209
-0,058 0,209
-0,049 0,209
-0,040 0,209
-0,031 0,209
-0,022 0,209
-0,013 0,209
-0,004 0,209
0,004 0,209
0,013 0,209
0,022 0,209
0,031 0,209
0,040 0,209
0,049 0,209
0,058 0,209
0,067 0,209
0,076 0,209
0,084 0,209
0,093 0,209
0,102 0,209
0,111 0,209
0,120 0,209
0,129 0,209
-0,120 0,218
-0,111 0,218
-0,102 0,218
-0,093 0,218
-0,084 0,218
-0,076 0,218
-0,067 0,218
-0,058 0,218
-0,049 0,218
-0,040 0,218
-0,031 0,218
-0,022 0,218
-0,013 0,218
-0,004 0,218
0,004 0,218
0,013 0,218
0,022 0,218
0,031 0,218
0,040 0,218
0,049 0,218
0,058 0,218
0,067 0,218
0,076 0,218
0,084 0,218
0,093 0,218
0,102 0,218
0,111 0,218
-0,102 0,227
-0,093 0,227
-0,084 0,227
-0,076 0,227
-0,067 0,227
-0,058 0,227
-0,049 0,227
-0,040 0,227
-0,031 0,227
-0,022 0,227
-0,013 0,227
-0,004 0,227
0,004 0,227
0,013 0,227
0,022 0,227
0,031 0,227
0,040 0,227
0,049 0,227
0,058 0,227
0,067 0,227
0,076 0,227
0,084 0,227
0,093 0,227
-0,093 0,236
-0,084 0,236
-0,076 0,236
-0,067 0,236
-0,058 0,236
-0,049 0,236
-0,040 0,236
-0,031 0,236
-0,022 0,236
-0,013 0,236
-0,004 0,236
0,004 0,236
0,013 0,236
0,022 0,236
0,031 0,236
0,040 0,236
0,049 0,236
0,058 0,236
0,067 0,236
0,076 0,236
0,084 0,236
-0,076 0,244
-0,067 0,244
-0,058 0,244
-0,049 0,244
-0,040 0,244
-0,031 0,244
-0,022 0,244
-0,013 0,244
-0,004 0,244
0,004 0,244
0,013 0,244
0,022 0,244
0,031 0,244
0,040 0,244
0,049 0,244
0,058 0,244
0,067 0,244
-0,058 0,253
-0,049 0,253
-0,040 0,253
-0,031 0,253
-0,022 0,253
-0,013 0,253
-0,004 0,253
0,004 0,253
0,013 0,253
0,022 0,253
0,031 0,253
0,040 0,253
0,049 0,253
-0,040 0,262
-0,031 0,262
-0,022 0,262
-0,013 0,262
-0,004 0,262
0,004 0,262
0,013 0,262
0,022 0,262
0,031 0,262
-0,031 0,271
-0,022 0,271
-0,013 0,271
-0,004 0,271
0,004 0,271
0,013 0,271
0,022 0,271
-0,013 0,280
-0,004 0,280
0,004 0,280
